0 7
0 44
0 45
0 87
1 62
1 70
1 75
1 98
2 24
2 26
2 30
2 36
2 82
3 9
3 15
3 77
3 82
3 95
4 21
4 40
4 86
5 25
5 53
5 63
5 77
6 18
6 25
6 52
6 53
6 58
6 61
6 66
6 68
6 70
6 93
7 69
8 36
8 54
8 65
9 25
9 60
9 81
9 89
10 16
10 20
10 21
10 28
10 36
10 54
10 74
10 87
10 94
11 51
11 59
11 71
12 36
12 43
12 58
12 82
12 91
13 34
13 38
13 50
13 61
13 66
13 68
13 78
14 20
14 49
14 85
14 89
15 34
15 82
15 93
16 17
16 22
16 25
16 30
16 36
16 52
16 62
16 69
17 59
17 83
18 23
18 69
19 24
19 56
19 60
19 75
20 30
20 32
20 65
20 79
21 24
21 38
21 86
21 89
21 93
21 96
22 40
22 67
22 68
22 72
22 78
22 83
22 92
23 46
23 94
24 64
24 82
25 28
25 33
25 37
25 50
25 96
26 49
26 50
26 51
26 84
26 90
27 48
27 82
27 84
27 89
28 49
28 55
28 62
28 69
29 59
29 61
29 71
29 89
30 35
30 71
30 74
31 42
31 50
31 80
32 38
32 59
32 64
32 79
33 35
33 49
33 53
33 89
33 95
34 49
34 50
34 67
34 70
35 42
35 43
35 66
36 38
36 47
37 42
37 51
37 71
38 60
38 69
39 42
39 52
39 69
39 77
40 58
40 72
40 92
41 62
41 74
41 90
41 96
42 91
43 48
43 80
44 56
44 63
44 65
44 68
45 46
45 50
45 73
45 76
47 86
48 52
49 52
49 77
49 88
50 62
50 79
50 94
50 99
52 60
52 73
52 81
53 60
53 93
54 98
55 61
55 97
56 63
56 68
56 79
56 97
57 69
58 60
58 75
58 97
59 71
59 77
59 80
60 71
61 65
61 73
61 77
61 91
62 67
62 75
62 76
62 80
62 85
62 88
63 90
64 72
64 85
66 74
67 89
68 95
69 85
71 72
71 76
72 86
73 99
75 91
76 93
76 95
77 96
79 80
80 95
82 96
83 84
84 86
84 87
86 91
86 96
90 98
92 96
95 98
97 98
