0 176
0 227
0 449
0 611
1 94
1 192
1 245
1 254
1 292
1 316
1 371
1 809
1 831
2 19
2 59
2 317
2 349
2 424
2 749
2 784
2 927
2 945
3 118
3 617
3 793
3 960
4 96
4 104
4 410
4 455
4 554
5 186
5 282
5 875
6 346
6 689
6 700
6 931
7 713
7 789
7 955
8 313
8 326
8 345
8 346
8 401
8 436
8 472
8 657
8 755
8 892
9 102
9 238
9 688
9 757
9 777
9 896
10 21
10 488
10 526
10 662
11 172
11 585
11 734
11 810
11 888
12 571
12 621
12 933
13 38
13 366
13 644
13 730
13 776
13 784
14 15
14 63
14 455
14 558
14 677
14 730
14 847
14 875
14 918
15 337
15 561
15 606
15 617
16 187
16 296
16 387
16 644
16 729
16 738
17 31
17 134
17 280
17 387
17 394
17 729
17 931
17 962
17 978
18 167
18 411
18 424
18 484
18 494
18 630
18 680
18 761
18 785
18 848
19 689
20 286
20 495
20 527
20 667
20 747
20 807
20 895
21 62
21 134
21 215
21 258
21 380
21 439
22 62
22 163
22 355
22 629
22 686
22 771
22 824
22 965
23 235
23 660
23 781
23 865
23 901
24 519
25 38
25 99
25 135
25 169
25 224
25 958
26 236
26 403
26 459
26 478
26 536
26 900
26 914
27 37
27 315
27 491
27 704
27 784
27 830
27 845
28 62
28 548
28 889
29 52
29 102
29 215
29 351
29 502
29 651
29 701
29 960
30 156
30 334
30 596
30 670
30 811
31 40
31 184
31 309
31 436
31 591
31 921
32 197
32 227
32 590
32 617
32 729
32 796
33 100
33 279
33 307
33 469
33 716
34 59
34 76
34 335
35 602
35 629
35 757
35 769
36 67
36 97
36 210
36 570
36 652
36 732
36 824
37 90
37 186
37 472
37 476
37 834
37 839
37 862
38 87
38 143
38 227
38 365
38 432
38 539
38 561
38 726
39 104
39 611
40 139
40 252
40 286
40 332
40 713
40 725
41 273
41 314
41 345
41 437
41 462
41 499
41 846
42 161
42 626
42 960
42 961
43 142
43 291
43 798
43 973
43 985
43 988
44 62
44 123
44 154
44 303
44 339
44 364
44 408
44 578
44 923
45 562
45 861
46 328
46 564
46 652
46 679
46 754
46 762
46 963
47 358
47 536
47 747
48 601
48 659
48 790
49 67
49 89
49 395
49 568
49 616
49 670
50 104
50 318
50 703
50 812
51 106
51 410
51 462
51 659
51 828
51 843
52 54
52 297
52 324
52 402
52 474
52 542
52 680
52 811
53 100
53 445
53 508
53 700
53 820
53 894
53 965
54 56
54 80
54 514
54 558
54 653
55 100
55 197
55 631
55 729
56 118
56 268
56 356
56 673
56 717
57 115
57 366
58 840
58 889
58 988
59 210
59 423
59 554
59 573
60 550
61 226
61 435
61 442
61 527
61 595
61 989
62 234
62 251
62 409
62 603
63 116
63 284
63 403
63 441
63 582
64 154
64 246
64 712
64 875
64 967
65 332
65 447
65 451
65 628
65 782
65 871
66 243
66 701
66 778
66 781
66 991
67 85
67 111
67 132
67 142
67 219
67 284
67 816
68 572
68 874
69 102
69 134
69 169
69 171
69 251
69 417
69 461
69 825
69 859
69 920
70 76
70 264
70 660
70 756
70 880
71 544
71 617
71 655
71 838
72 477
73 105
73 411
73 456
73 746
74 127
74 394
74 480
74 704
75 300
75 418
75 462
76 179
76 274
76 624
76 638
76 745
76 808
76 826
77 275
77 792
78 163
78 233
78 310
78 472
78 558
78 897
79 131
79 135
79 280
79 346
79 843
80 540
80 959
81 275
81 420
81 713
81 719
81 919
81 939
82 291
82 575
82 653
82 732
82 935
82 980
83 207
83 382
83 909
83 916
84 135
84 185
84 569
84 634
84 803
84 844
84 975
85 222
85 309
85 314
85 334
85 525
85 598
85 867
85 910
85 987
86 216
86 375
86 700
86 797
86 871
86 905
86 935
87 317
87 355
87 567
87 597
87 713
87 733
88 231
88 323
88 731
88 806
88 846
88 858
89 185
89 790
89 861
89 968
89 972
90 451
90 552
90 602
90 726
90 749
90 761
91 511
91 646
91 906
92 130
92 143
92 259
92 435
92 533
92 568
92 785
92 870
93 129
93 131
93 282
93 397
93 464
94 112
94 469
94 541
94 549
94 567
94 724
95 468
95 516
96 152
96 428
96 589
96 611
96 694
96 735
96 843
97 230
97 477
98 224
98 632
98 729
99 130
99 613
99 678
100 374
100 629
101 102
101 125
101 130
101 235
101 248
101 348
101 378
101 425
101 630
101 686
101 787
101 856
101 928
101 932
102 125
102 236
102 469
102 478
102 575
102 592
102 663
102 835
102 920
103 209
103 357
103 570
103 613
103 711
103 810
104 846
104 870
104 920
104 955
105 348
105 457
105 884
105 959
106 463
106 744
106 917
106 958
107 279
107 325
107 611
107 695
107 765
107 907
107 909
108 121
108 364
108 517
108 559
109 186
109 189
109 249
109 585
110 250
110 272
110 574
110 712
110 832
111 158
111 230
111 252
111 311
111 485
111 494
111 733
112 193
112 626
112 934
113 555
113 800
113 931
113 945
114 152
114 219
114 671
114 868
115 169
115 330
115 579
115 640
115 655
116 216
116 238
116 318
116 400
116 444
116 486
116 609
116 641
116 829
116 913
117 304
117 308
117 386
117 424
117 435
117 836
117 890
118 531
118 579
118 744
118 972
119 183
119 265
119 282
119 326
119 846
119 994
120 208
120 239
120 306
120 790
120 799
121 194
121 566
121 801
121 871
122 348
122 717
122 735
122 739
123 370
123 439
123 597
123 606
123 850
123 948
123 979
124 174
124 625
124 697
124 751
124 759
124 810
125 127
125 148
125 335
125 441
125 597
125 677
125 900
125 912
126 146
126 301
126 642
126 710
126 732
126 803
126 871
126 950
127 430
127 718
128 209
128 453
128 534
128 541
128 746
129 204
129 260
129 335
129 342
129 370
129 564
129 595
129 596
129 615
129 917
129 949
130 193
130 348
130 550
130 710
130 878
130 899
130 973
131 134
131 194
131 432
131 805
132 537
132 659
132 665
132 936
132 987
133 391
133 450
133 467
133 475
133 534
133 659
133 699
133 887
134 600
134 800
134 988
135 728
135 816
135 864
135 874
136 150
136 365
136 711
136 984
137 145
137 398
137 450
137 472
137 892
137 941
138 152
138 180
138 244
138 339
138 662
139 492
139 543
139 678
139 936
140 244
140 497
140 783
140 836
140 866
141 493
141 767
141 874
141 879
141 890
141 902
142 289
142 497
142 680
143 156
143 202
143 286
143 347
143 348
143 674
143 772
143 819
143 853
144 413
144 510
144 643
144 669
144 737
145 180
145 223
145 841
145 868
145 937
146 392
146 448
146 595
147 289
147 612
148 155
148 250
148 452
148 746
148 768
149 204
149 216
149 420
149 671
149 703
150 425
150 427
151 334
151 496
151 529
151 649
151 789
151 887
152 641
152 794
152 799
152 830
152 837
152 937
153 471
154 176
154 828
155 172
155 208
155 231
155 404
155 437
155 539
155 608
156 201
156 344
156 501
156 532
156 749
156 950
156 973
156 977
157 526
157 833
158 188
158 346
158 355
158 399
158 462
158 643
158 654
158 799
159 203
159 236
159 330
159 539
159 823
160 214
160 356
160 582
160 870
160 882
161 286
161 524
161 534
161 886
161 957
161 958
162 294
162 349
162 696
162 708
162 753
162 845
163 259
163 672
163 740
163 883
163 963
164 407
164 633
164 723
164 784
164 919
164 923
164 936
164 963
165 231
165 511
165 797
165 840
165 968
166 299
166 352
166 443
166 625
166 705
166 709
166 926
167 264
167 506
167 669
168 278
168 340
168 396
168 664
168 860
168 865
169 665
169 819
169 855
169 869
170 199
170 253
170 310
170 597
170 600
171 182
171 437
171 619
171 839
172 195
172 290
172 326
172 497
172 600
172 717
173 175
173 620
173 809
173 878
174 409
174 445
174 579
174 679
174 721
174 903
175 373
175 521
175 543
175 723
175 885
176 282
176 454
176 611
176 864
176 917
176 965
177 220
177 227
177 262
177 336
177 425
177 832
178 237
178 346
178 495
178 573
178 868
178 950
179 304
179 390
179 400
180 599
180 702
180 769
180 816
180 874
180 918
180 981
181 582
181 598
181 839
181 983
182 197
182 205
182 370
182 539
182 759
182 876
183 495
183 515
183 806
183 989
184 322
184 377
184 512
184 603
184 631
184 888
185 485
185 800
186 501
186 593
186 607
187 227
187 525
187 669
187 743
187 790
187 803
188 192
188 247
188 518
188 557
188 863
189 296
189 393
189 594
189 705
189 833
189 900
190 511
190 531
190 769
191 415
191 430
191 476
191 663
191 780
191 967
192 323
193 237
193 484
193 524
193 534
193 820
193 847
193 867
193 897
194 623
194 720
194 747
194 811
194 831
194 923
195 457
195 496
195 732
195 835
195 861
195 902
196 791
197 280
197 294
197 359
197 364
197 547
197 554
197 661
197 687
198 246
198 395
198 437
198 660
198 903
199 520
199 641
199 647
200 584
200 618
200 859
201 268
201 717
202 442
202 668
202 706
202 716
202 762
202 871
203 312
203 374
203 488
203 546
203 623
204 305
204 512
204 776
205 387
205 439
205 496
205 851
205 868
205 915
206 440
206 543
206 669
206 853
207 209
207 286
207 746
207 842
208 235
208 498
208 587
208 741
208 906
208 984
209 213
209 652
209 799
209 828
209 939
210 223
210 307
210 551
210 592
210 610
210 987
211 259
211 289
211 471
212 284
212 526
212 535
212 639
212 678
212 755
212 829
212 842
213 344
213 362
213 415
213 680
213 820
213 992
214 437
215 261
215 331
215 349
215 391
215 416
215 650
215 742
215 791
215 843
216 243
216 618
216 896
217 237
217 266
217 538
217 618
217 668
217 739
217 809
217 870
218 284
218 383
219 335
219 533
219 730
219 775
219 905
220 253
220 279
220 350
220 402
220 404
220 516
220 569
220 657
221 228
221 235
221 425
221 535
221 641
221 672
221 720
221 814
221 852
221 920
222 661
222 715
222 829
222 843
222 921
222 981
223 409
223 439
223 656
223 932
223 956
224 618
224 912
225 245
225 356
225 771
225 811
225 940
226 392
226 449
226 476
226 634
227 296
227 370
227 457
227 633
227 881
228 574
228 754
229 269
229 368
229 383
229 392
229 440
229 824
229 969
230 550
230 559
230 687
231 272
231 494
231 534
231 536
231 557
232 350
232 461
232 675
232 782
232 814
232 880
233 307
233 345
233 744
233 905
234 331
234 494
234 536
234 950
235 390
235 529
235 559
235 644
235 729
235 794
235 843
235 892
236 304
236 385
236 479
236 666
236 670
236 721
236 823
237 260
237 303
237 383
237 413
237 450
237 503
237 528
237 634
238 273
238 336
238 702
238 806
238 812
239 595
239 656
239 677
239 704
240 267
240 764
241 375
242 263
242 723
242 897
243 267
243 413
243 652
244 623
244 693
244 877
244 882
244 889
244 986
244 990
245 267
245 551
245 647
245 789
245 969
246 517
246 523
246 757
246 800
246 978
247 478
247 568
247 886
247 905
248 559
248 565
248 584
248 626
248 818
248 957
249 850
249 901
250 447
250 602
250 677
251 276
251 425
251 558
251 704
251 810
251 971
252 395
252 646
252 959
253 468
253 578
253 639
253 849
253 965
254 383
254 545
254 575
254 576
254 728
254 734
254 791
255 491
255 707
255 846
255 854
255 871
256 309
256 320
256 560
256 859
256 884
256 955
257 581
258 280
258 376
258 399
258 437
258 719
259 841
259 843
259 925
260 287
260 377
260 476
260 633
260 792
261 275
261 420
261 832
262 385
262 441
262 627
262 678
262 803
263 392
263 850
263 901
264 436
264 530
264 915
264 973
265 272
265 590
265 627
265 672
265 700
265 739
265 995
266 532
266 816
267 306
267 517
267 657
267 935
268 371
268 522
268 612
268 694
268 949
269 385
269 442
269 519
269 646
269 842
269 929
270 314
270 407
270 481
270 565
270 569
270 666
270 772
270 836
271 643
272 671
272 688
272 734
272 796
272 863
273 290
274 726
274 820
274 874
275 290
276 584
276 639
276 693
276 812
276 864
276 939
277 408
277 944
278 529
278 580
278 926
279 575
279 662
279 667
280 307
280 681
281 535
281 539
282 352
282 540
282 672
282 766
282 801
283 304
283 483
283 571
283 771
283 818
283 847
283 886
283 905
283 909
283 958
284 870
284 914
284 950
285 325
285 336
285 521
285 652
285 766
285 855
285 865
286 446
286 575
286 633
286 672
286 682
286 714
286 724
286 819
287 364
287 501
287 932
288 678
288 807
288 825
289 343
289 354
289 650
289 662
289 729
289 813
289 824
289 837
289 858
289 928
290 332
290 385
290 433
290 454
290 570
290 850
290 877
291 359
291 368
291 500
291 541
291 983
292 848
292 922
293 315
293 324
293 485
293 505
293 802
293 829
293 995
294 330
294 454
294 501
294 863
295 321
295 462
295 673
295 802
295 905
296 537
296 658
296 720
296 870
297 543
297 821
297 956
298 407
298 471
298 532
298 551
298 588
298 605
298 678
298 933
299 388
299 494
299 654
300 349
300 513
300 917
301 454
301 745
302 657
303 626
303 651
303 852
303 956
303 984
304 468
304 733
305 367
305 553
305 633
305 867
305 922
306 320
306 346
306 433
306 474
306 486
306 640
306 837
306 899
307 340
307 429
307 770
307 848
307 929
307 952
308 554
308 685
308 778
308 970
309 480
309 630
309 660
309 740
309 922
310 538
310 603
310 774
311 368
311 386
311 492
311 600
311 680
311 836
311 891
312 783
312 812
312 876
312 879
313 468
313 538
313 548
313 808
314 509
314 550
314 600
314 771
314 814
315 486
315 653
315 692
315 738
315 804
315 857
315 970
316 418
316 589
316 819
317 358
317 495
318 333
319 555
319 825
319 974
320 648
320 742
320 752
321 476
321 805
321 833
322 630
322 672
322 791
322 855
322 876
322 917
322 951
323 369
323 392
323 663
323 754
323 827
323 932
323 952
324 466
324 662
324 664
324 852
324 884
324 947
325 402
325 419
325 592
326 535
326 541
326 544
326 578
326 647
327 462
327 780
327 785
327 945
328 652
328 784
328 874
329 348
329 720
329 916
330 520
330 583
330 586
330 715
331 637
331 846
331 864
332 358
332 571
332 605
332 756
332 770
332 778
332 962
333 416
333 419
333 495
333 558
334 477
334 493
334 516
334 903
334 961
335 472
335 529
335 633
335 663
335 900
336 580
336 686
336 864
336 931
337 448
337 948
338 474
338 665
339 388
339 395
339 446
339 504
339 870
339 910
340 594
340 738
340 848
341 453
341 592
341 684
341 770
341 776
342 393
342 519
343 399
343 419
343 428
343 625
343 662
343 886
344 350
344 410
344 621
344 780
344 802
344 955
345 357
345 732
345 877
345 902
345 941
346 526
346 553
346 751
346 834
346 870
346 911
347 502
347 528
347 877
347 975
348 915
348 919
349 371
349 540
349 672
349 673
349 726
349 842
349 863
349 897
349 987
350 595
350 614
350 870
351 405
351 684
351 905
352 405
352 426
352 476
352 809
352 889
352 963
353 439
353 955
354 602
354 867
354 922
354 970
355 519
355 701
356 405
356 675
356 869
356 959
357 391
358 425
358 485
358 505
358 618
359 443
359 818
359 922
360 582
360 733
360 868
361 392
361 525
361 623
361 717
362 398
362 410
362 607
362 698
362 781
362 829
362 938
363 467
363 600
363 866
364 712
364 810
364 843
365 515
365 809
365 827
365 936
365 987
366 512
366 521
367 582
367 637
367 806
368 475
368 695
368 800
368 870
369 563
369 743
369 904
369 987
370 423
370 429
370 558
370 960
371 560
371 945
372 447
372 633
373 601
373 858
375 489
375 574
375 586
375 775
375 980
376 501
376 772
376 955
376 975
377 378
377 597
377 639
377 715
377 721
377 880
378 543
378 820
378 833
378 890
378 925
378 988
379 391
379 464
379 745
379 915
379 991
380 430
380 669
380 712
380 893
381 434
381 561
381 626
382 524
382 626
382 647
382 906
382 910
382 982
383 411
383 466
383 532
383 599
384 548
384 601
384 919
385 444
385 536
385 844
385 901
385 979
385 980
386 388
386 405
386 412
386 417
386 487
386 606
386 620
386 762
386 932
387 417
387 502
387 768
387 922
388 760
388 832
388 870
388 890
388 989
389 596
390 430
390 473
390 911
390 918
391 405
391 431
391 520
391 786
391 886
392 612
392 723
392 732
392 928
393 461
393 473
393 677
393 691
393 704
393 912
394 417
394 520
394 618
395 651
395 672
395 826
396 731
396 765
397 436
397 530
397 825
398 554
398 555
398 715
398 724
398 969
399 782
399 804
400 548
400 680
401 701
402 634
402 823
402 829
403 450
403 839
403 974
404 515
404 588
404 657
404 798
404 976
405 477
405 505
405 547
405 859
405 923
405 969
406 560
406 590
406 670
406 830
406 904
406 936
407 532
407 833
407 910
407 923
408 509
408 714
408 722
408 731
408 811
408 830
408 900
408 919
410 548
410 551
410 747
410 796
410 870
410 902
410 925
411 584
411 696
411 935
412 685
412 774
412 789
412 947
412 969
412 970
413 497
413 534
413 705
413 848
413 901
414 821
414 963
414 969
415 518
415 792
415 958
416 488
416 492
416 518
416 649
416 698
416 772
417 549
417 713
417 729
417 823
417 859
417 893
417 972
418 826
418 856
418 974
419 471
419 490
419 562
419 873
419 907
420 510
421 430
421 562
421 679
421 873
422 995
423 846
423 965
424 474
424 761
425 470
425 933
426 628
426 762
427 607
427 614
427 616
428 529
428 619
428 804
428 885
428 950
430 488
430 495
430 595
430 675
430 682
430 806
431 465
431 476
431 841
432 601
432 633
432 777
433 585
433 639
433 704
433 982
434 723
434 785
434 882
435 624
435 690
435 955
436 702
436 705
436 709
436 853
436 987
437 688
437 711
437 836
438 532
438 566
439 464
439 625
440 482
440 625
441 893
441 909
442 663
442 706
442 812
442 826
443 823
443 954
444 592
444 609
444 632
444 896
445 457
445 517
446 944
447 479
447 685
447 922
448 642
448 797
449 717
450 851
450 920
450 936
451 574
451 705
451 725
451 842
451 889
452 613
452 646
452 741
453 748
453 923
454 635
454 883
454 972
455 640
455 871
456 506
456 584
456 853
457 534
457 691
457 867
458 594
458 624
458 671
458 862
458 980
459 864
460 704
460 776
461 512
461 639
461 812
461 952
461 974
462 536
462 817
462 840
462 854
463 512
463 755
464 660
464 726
464 872
464 887
465 474
465 628
465 775
465 778
466 641
466 982
467 491
467 536
467 593
467 692
467 828
468 596
468 670
468 760
468 825
468 934
469 858
469 942
470 483
470 548
470 726
470 869
470 918
471 508
471 669
471 719
471 913
471 926
471 933
472 670
472 796
472 886
473 727
473 843
473 869
474 480
474 546
474 554
474 914
474 935
474 987
475 589
475 620
475 683
476 497
476 647
476 684
476 934
476 991
477 501
477 603
478 618
478 647
478 747
478 836
478 838
478 876
479 853
480 646
480 732
480 974
481 489
481 699
481 827
481 863
481 920
482 612
482 750
482 823
482 853
483 687
483 692
483 734
483 799
483 823
483 881
484 615
486 679
486 713
486 781
486 968
486 983
487 635
487 843
488 571
488 630
488 822
489 554
489 919
489 949
490 564
490 952
490 957
491 634
491 757
491 852
491 914
492 518
492 671
493 497
493 516
493 523
493 728
494 812
494 824
495 508
495 685
495 893
495 955
496 569
496 881
497 738
498 538
498 692
498 725
498 744
498 833
499 569
499 692
499 790
500 624
500 901
501 544
501 640
501 646
501 743
502 720
503 818
503 833
503 895
504 525
504 898
505 545
505 744
505 789
505 839
506 695
506 719
506 972
507 775
507 920
507 973
508 618
508 890
508 935
508 976
509 579
509 813
509 901
510 821
510 851
511 560
511 612
511 667
511 805
511 932
511 967
512 618
512 635
512 660
512 700
512 792
512 876
513 516
513 531
513 844
513 939
513 978
514 522
514 777
514 984
515 544
515 601
516 646
516 835
516 842
516 855
517 660
517 768
517 977
517 990
518 589
518 788
518 858
518 954
520 670
520 783
520 848
521 550
521 945
521 960
522 977
523 539
523 646
523 688
523 835
523 958
524 546
524 735
524 825
525 638
526 565
526 619
526 748
527 563
528 566
528 663
528 710
528 734
529 531
529 583
529 737
529 791
529 834
530 533
530 869
531 591
531 629
531 673
532 918
533 695
533 717
533 814
533 828
533 862
534 677
534 679
534 982
535 682
535 869
537 659
538 677
538 828
538 916
539 708
539 921
540 686
540 767
540 897
541 634
541 748
542 712
542 932
543 563
543 863
544 666
544 840
545 639
545 656
545 665
545 686
545 748
545 889
546 948
547 653
547 672
547 714
547 901
548 757
549 869
549 916
549 948
550 665
550 817
550 917
551 572
551 577
551 674
551 681
551 859
552 646
553 586
554 678
554 746
555 806
555 859
556 604
556 691
556 796
556 810
556 944
557 588
557 882
558 769
558 792
559 661
559 675
559 763
559 868
559 985
561 679
561 971
562 570
562 640
562 814
562 857
563 812
563 973
564 593
564 942
564 950
564 985
564 993
565 701
567 852
568 635
568 686
568 753
568 789
568 874
568 885
568 896
569 959
570 707
570 779
570 894
570 922
571 658
571 757
572 583
572 639
573 590
573 863
573 914
574 669
574 748
574 788
575 598
575 683
575 702
575 784
575 804
575 892
576 689
576 884
577 799
577 828
577 865
577 917
578 687
578 740
578 756
578 817
579 902
579 980
580 696
580 850
580 878
580 994
581 594
581 658
582 749
582 802
582 900
583 661
583 760
583 852
583 961
584 748
584 761
585 586
585 626
585 939
586 672
588 877
589 650
589 770
590 601
590 689
590 721
590 770
590 928
591 757
592 850
593 606
593 646
593 902
594 626
594 638
594 729
594 756
594 840
596 656
596 829
596 854
596 914
597 767
597 866
597 913
597 988
599 645
599 846
600 795
600 861
601 739
601 752
601 780
601 994
602 686
602 837
602 995
603 694
603 856
603 871
603 950
604 723
604 763
604 943
607 693
607 698
607 712
607 906
607 936
608 822
609 639
609 951
610 737
611 628
611 675
611 686
611 858
611 909
613 632
613 887
613 954
614 624
614 628
615 738
615 870
616 710
617 967
618 630
618 777
619 803
619 974
620 756
621 630
621 878
621 908
622 797
622 816
623 764
624 634
625 824
625 926
626 781
626 965
627 865
627 896
628 717
628 775
628 947
629 679
629 782
629 885
629 953
630 673
630 785
630 786
630 788
631 816
631 882
631 884
632 752
632 815
632 977
633 940
634 898
634 914
635 680
635 727
635 920
636 766
636 991
637 919
638 659
638 728
638 810
638 986
639 799
639 890
640 719
640 955
641 831
642 703
642 801
642 971
643 738
644 753
644 937
646 718
646 995
647 798
647 965
647 969
648 787
648 845
649 851
649 869
649 891
650 930
651 754
652 708
652 778
652 818
653 705
653 828
653 829
653 891
654 909
654 946
655 736
655 887
656 813
656 835
657 929
657 970
658 673
659 668
659 810
659 899
660 995
661 748
661 768
661 839
661 875
661 922
662 980
664 774
664 926
664 940
664 954
666 812
667 972
668 780
668 943
670 867
670 898
670 917
671 673
671 872
672 914
673 744
673 754
673 807
673 970
674 796
675 780
675 976
676 763
676 806
676 939
677 705
677 855
678 801
678 804
678 866
678 905
679 729
679 734
679 805
679 995
680 988
681 979
682 730
682 758
682 778
683 762
683 767
683 943
684 709
685 842
685 851
685 856
686 803
686 884
687 819
688 931
689 832
689 871
689 905
690 710
690 800
691 844
691 870
692 706
692 968
694 748
694 760
694 943
695 819
697 706
697 800
698 792
698 805
698 890
699 981
700 707
701 828
701 876
701 890
702 751
702 787
703 955
704 795
704 810
704 938
705 762
706 737
706 823
706 954
706 970
707 819
708 822
709 866
709 872
710 772
710 840
710 866
711 742
711 797
711 814
711 833
711 843
711 867
712 745
712 795
713 841
713 851
713 869
715 977
715 987
716 746
716 953
716 979
718 748
718 796
718 993
720 762
720 994
722 916
723 755
724 765
724 951
725 961
726 881
727 765
730 820
731 732
731 735
731 851
732 952
732 991
733 756
733 867
735 754
736 924
736 980
737 871
738 774
738 795
738 976
739 784
739 841
739 928
741 817
741 949
742 787
743 760
743 908
743 962
744 803
745 897
745 956
746 918
746 969
746 993
747 909
747 952
748 797
748 874
748 890
749 762
749 913
749 976
750 776
750 876
751 795
751 803
751 850
752 946
754 821
754 917
755 923
756 832
757 792
757 847
757 914
757 918
758 966
760 776
761 846
762 790
763 882
764 832
764 990
768 819
768 862
768 868
769 809
770 885
770 928
771 965
771 990
772 889
773 807
773 819
773 994
774 990
775 914
775 968
776 796
776 818
778 852
778 938
778 948
780 812
780 927
781 877
781 899
782 811
782 814
782 953
783 840
785 827
785 920
786 846
786 876
786 940
787 804
787 922
788 859
789 871
790 894
791 916
792 927
793 816
797 839
797 917
797 930
798 836
798 843
803 821
803 874
803 908
803 909
803 917
803 932
804 868
804 937
804 959
805 880
805 950
806 925
807 838
807 922
807 978
807 992
808 841
809 820
812 850
814 868
816 897
819 920
821 837
821 893
822 945
823 868
823 906
824 994
826 910
827 932
827 984
830 888
832 833
833 870
833 897
833 937
835 873
835 878
836 841
837 914
839 872
842 885
843 900
844 990
845 974
847 912
849 865
849 964
851 926
852 912
853 932
855 956
855 985
858 915
858 916
860 890
861 924
862 876
863 865
867 886
870 892
870 961
871 943
873 880
875 898
876 877
876 910
876 955
877 893
878 920
879 988
880 938
880 970
884 888
888 951
889 973
891 965
892 951
892 992
893 953
894 909
896 938
896 972
898 961
899 962
900 910
903 907
905 909
909 973
910 945
911 969
912 931
913 966
918 942
923 960
923 991
925 958
927 981
930 938
935 941
939 984
941 983
944 985
949 984
950 989
952 980
958 959
963 966
977 994
