0 13
0 43
0 54
0 65
0 84
1 34
1 56
1 64
2 9
2 15
2 92
3 92
4 61
4 76
5 24
5 51
5 75
6 35
6 44
6 51
6 53
6 71
6 76
6 79
7 39
8 84
9 12
9 15
9 31
9 50
9 52
9 71
9 81
10 34
10 90
11 18
11 35
11 68
11 88
12 57
12 68
13 21
13 38
14 84
15 21
16 40
16 41
16 72
16 80
16 90
17 26
17 62
18 68
19 89
20 21
21 23
21 25
22 81
23 26
23 32
23 48
23 61
23 71
24 37
25 45
25 52
25 73
25 84
26 49
26 76
27 44
27 61
27 67
28 29
28 40
28 55
28 57
28 76
29 52
29 87
30 37
30 68
30 89
31 32
31 55
31 91
32 55
32 69
32 71
33 46
33 47
33 88
34 70
34 86
35 47
35 52
35 77
36 55
36 59
36 60
36 75
37 39
37 90
38 39
38 58
39 55
39 60
40 42
41 55
42 82
43 91
44 48
44 76
45 53
45 84
48 85
48 86
49 69
49 88
52 54
52 61
53 61
53 64
54 72
54 78
54 81
54 85
56 68
56 70
56 79
57 74
60 88
61 83
61 86
63 75
65 66
65 73
65 83
66 68
67 89
67 91
69 70
72 79
72 85
73 79
74 90
76 79
79 87
80 87
81 82
